# Created by Octave 6.4.0, Fri Aug 30 09:52:10 2024 CEST <camerotti@desktop90.stat.bau.tu-bs.de>
# name: ans
# type: scalar
-6.6613381477509392e-16


# name: f_d
# type: matrix
# rows: 8
# columns: 1
 -0.03569
 -0.071300000000000002
 -0.071300000000000002
 -0.03569
 -0.13097
 -0.26190000000000002
 -0.26190000000000002
 -0.13097


# name: f_o
# type: matrix
# rows: 4
# columns: 1
 -0.16666000000000003
 -0.33320000000000027
 -0.33320000000000033
 -0.16666000000000014


# name: map_mat
# type: matrix
# rows: 8
# columns: 4
 0.99999999999999944 1.2750217548429532e-15 1.6653345369377348e-16 -1.6653345369377348e-16
 5.7592819402429996e-16 0.99999999999999989 0 1.9428902930940239e-16
 -2.8449465006019636e-16 8.0144224590128488e-16 1.0000000000000007 1.1102230246251565e-16
 -1.7347234759768071e-16 -3.4694469519536142e-17 -6.6613381477509392e-16 1.0000000000000009
 0.999999999999999 1.412064909445121e-15 2.6367796834847468e-16 -3.4694469519536142e-16
 8.81239525796218e-16 0.99999999999999967 2.4980018054066022e-16 5.5511151231257827e-17
 -1.5959455978986625e-16 4.5796699765787707e-16 1.0000000000000011 2.2204460492503131e-16
 4.163336342344337e-17 -1.6653345369377348e-16 -5.5511151231257827e-16 1.0000000000000004


# name: mpMappingMatrixProjector
# type: matrix
# rows: 8
# columns: 4
 0.050000000000000017 0.029166666666666671 0.0041666666666666683 0
 0.02916666666666666 0.083333333333333329 0.050000000000000003 0.0041666666666666666
 0.004166666666666664 0.050000000000000003 0.083333333333333356 0.029166666666666671
 0 0.0041666666666666666 0.02916666666666666 0.050000000000000003
 0.050000000000000017 0.029166666666666671 0.0041666666666666683 0
 0.02916666666666666 0.083333333333333329 0.050000000000000003 0.0041666666666666666
 0.004166666666666664 0.050000000000000003 0.083333333333333356 0.029166666666666671
 0 0.0041666666666666666 0.02916666666666666 0.050000000000000003


# name: mpMappingMatrixSlave
# type: matrix
# rows: 8
# columns: 8
 0.025000000000000019 0.01458333333333333 0.0020833333333333329 0 0.025000000000000019 0.01458333333333333 0.0020833333333333329 0
 0.01458333333333333 0.041666666666666657 0.025000000000000001 0.002083333333333335 0.01458333333333333 0.041666666666666657 0.025000000000000001 0.002083333333333335
 0.0020833333333333329 0.025000000000000001 0.041666666666666678 0.014583333333333341 0.0020833333333333329 0.025000000000000001 0.041666666666666678 0.014583333333333341
 0 0.002083333333333335 0.014583333333333341 0.024999999999999991 0 0.002083333333333335 0.014583333333333341 0.024999999999999991
 0.025000000000000019 0.01458333333333333 0.0020833333333333329 0 0.025000000000000019 0.01458333333333333 0.0020833333333333329 0
 0.01458333333333333 0.041666666666666657 0.025000000000000001 0.002083333333333335 0.01458333333333333 0.041666666666666657 0.025000000000000001 0.002083333333333335
 0.0020833333333333329 0.025000000000000001 0.041666666666666678 0.014583333333333341 0.0020833333333333329 0.025000000000000001 0.041666666666666678 0.014583333333333341
 0 0.002083333333333335 0.014583333333333341 0.024999999999999991 0 0.002083333333333335 0.014583333333333341 0.024999999999999991


# name: residual
# type: matrix
# rows: 8
# columns: 1
 6.2450045135165055e-17
 1.9428902930940239e-16
 3.3306690738754696e-16
 1.1102230246251565e-16
 6.2450045135165055e-17
 1.9428902930940239e-16
 3.3306690738754696e-16
 1.1102230246251565e-16


# name: u_d
# type: matrix
# rows: 8
# columns: 1
 1.1084883011491797e-15
 1.0000000000000004
 2.0000000000000027
 3.0000000000000013
 8.9858676055598607e-16
 1.0000000000000004
 2.0000000000000036
 3


# name: u_o
# type: matrix
# rows: 4
# columns: 1
 0
 1
 2
 3


